750
64 20
657 405
910 937
638
325
160 30
468
502
180 796
328
466 735
38
575
802
71 835
646
784
654
865
669
974 67
918 285
582 474
37 26
769 336
253 661
281
450
715 365
688
258
694
904 195
50
479
938
793 72
125
951
742
527 686
884 256
261
68 15
43
535 424
874
464 583
218 794
700 438
631 383
632 376
733
264 873
949 165
234 866
946 105
940 153
206 808
65 134
467
194
179
161 832
495 609
216
95 115
839
909 155
758 350
588
997
774 290
111
104 814
936
432 482
883 386
591
634 513
423
756
899
487 454
897 947
902 108
531
559
171 952
48
935
417 751
810 273
667
660 307
3
207 744
497
673 461
334
506
919 259
548 665
76 129
226 879
587 289
698 231
492 622
908
901 200
785
580 525
90
84 847
113
310 840
303
999 27
343 537
986
676 236
496 409
320
102 80
913
806 52
121
449 469
711 373
809
921
821
980 88
564 344
990 157
295 846
939
526
403 521
985 51
363 553
577 562
724
126 32
465 664
54 894
441
789 371
175 982
871 330
230
606
558 372
998
58 988
362
790
220
745
451
773 130
536
36 156
286
103
439
224 765
87
228
677
268
607 422
359 662
876 199
635 481
996 6
738
563 534
601 490
211
925
395 817
421
57 10
579 528
542 670
119 912
251
399 813
280 697
55 853
246 726
197
60
237 885
663
604
713
306 619
436
168 973
367
302
505
63
600 262
633 368
59 841
529 572
759 388
907
347
893
626
629
398 543
100
74
86 993
710 407
961 903
178
279
898 243
928 915
152 797
478 624
277
778
340
859
498 452
510 444
463
727
523 392
332
416
709 414
959
627
723
499
834 244
957 151
96 93
824 49
385 643
560
945 91
922
968 101
684 382
520
867
767
586 617
131 881
707
158 858
746
170
598 263
628 443
446
69 8
666 304
552 620
962
719
440
747
337 544
807
659 475
82 956
934 182
374
172 943
235
519
720 137
215 770
209
418 511
11
298
324 581
517 547
850
788 401
668 270
678
241
266 763
906
828 984
533
288 737
13
905
198 920
975
85 932
507
430
333
428 612
927 188
425
655
930 173
346
948
0 31
62
753 355
815
731 133
393
123 40
750 169
66 977
181
730
736
316
79 861
754
603 249
83
860
53 995
779
963
7
614
176
979 44
728
202
941 150
311
838 227
128 825
966
889
636 327
493
890
568 341
556
585 459
696 242
958 146
743
73
931
971
616
75
734
512 408
120
28
97 837
203
546
404
370
159
578 339
245
210
366 653
869
222
514
92
191 929
819
868 953
369
916 94
300
827
56
445 470
752 415
217
47 147
112
14
618 522
605
964
762 413
584
412
967 18
849
639
484 455
233
358
550
781 99
187
143 801
780
783 162
749 183
127
17
117 991
812
116 833
729
722
978
649
965 124
193
994
141
122
214 800
538
196
880
78
811
221 721
804
2 872
1
192
642
190 795
545 571
803
764
955
219
741
611
348
702
353 689
679
854
185 960
590 437
166
504
732
565
184
755
699 204
248 716
851
843
269 701
154
483
501 573
557
509
9
427 471
255
247
595 434
569
645
291 856
599 518
647
561
272
987
621
257 703
776
671
338 695
378
70
456
282
683 458
239
691
637 318
309
644
106
16
135
589 524
34
433
41
882 321
480
852
89
878
829
276
294
375 681
364
473
360
397
623
845
892 114
352
223 760
641
992
356
933
384 494
164
515
685 447
831
989
799
453
911 297
22
775
748
400
476 714
917
976
322 615
435
818 252
596
567
23
335 674
98
140
46 862
326
608 410
704
174
848
381
942
541
983
354
969
431
712
594
717 138
387
602
25
855
357
317
472
313
782 402
81
462
970
406
508
574
163 12
24
260
877
532
630 394
265
823
4
516
271 705
870
77
205
766
109
820
864
652
5
503 566
411
148
777
692
267
457
886
708
826
331 675
477
238 857
792
486
690
798 118
610
132
651 426
315
419 740
830
842
592
314
540
791
771
448
389
816 345
485
672
488
301
420
576
229
45
61 144
377
149
33
21
308
390 625
539
914
329
972
275
232
593
110
293
761
895
250 805
656
342
725
136
312
981 891
772
836
225
212
107
351
139
489
323
923
142
822
551
718
254
491
42
284
283
19
391
924
650
680
555
396
658
145
768
787
887
693
201
863
757
186
950
640
500
29
296
278
299
240
875
570
35
460
648
292
213
739
380
530
274
682
613
349
319
706
888
429
687
379
287
597
844
442
177
549
786
896
39
954
944
167
208
554
305
361
900
189
926